%Section A

S = [-6.5 -2.5 -2;
    -6.5 2.5 -2;
    -6.5 2.5 0.5;
    -6.5 -2.5 0.5;
    -2.5 -2.5 0.5;
    -2.5 2.5 0.5;
    -0.75 -2.5 2;
    -0.75 2.5 2;
    3.25 -2.5 2;
    3.25 2.5 2;
    4.5 -2.5 0.5;
    4.5 2.5 0.5;
    6.5 -2.5 0.5;
    6.5 2.5 0.5;
    6.5 2.5 -2;
    6.5 -2.5 -2]

M = [0	0	0	0	0	0	0	0	0	1
0	0	0	0	0	0	0	0	1	0
0	0	0	0	0	0	0	0	0	0
0	0	0	0	0	0	0	0	0	0
1	0	0	0	0	0	0	0	0	0
0	1	0	0	0	0	0	0	0	0
0	1	1	0	0	0	0	0	0	0
1	0	0	1	0	0	0	0	0	0
1	0	0	1	1	0	0	0	0	0
0	1	1	0	0	1	0	0	0	0
0	0	1	0	0	1	1	0	0	0
0	0	0	1	1	0	0	1	0	0
0	0	0	0	1	0	0	1	0	1
0	0	0	0	0	1	1	0	1	0
0	0	0	0	0	0	0	1	0	1
0	0	0	0	0	0	1	0	1	0]


 